1.9640E+07
1.7333E+07
1.4918E+07
1.3840E+07
1.1618E+07
1.0000E+07
8.1873E+06
6.7032E+06
6.0653E+06
5.4881E+06
4.4933E+06
3.6788E+06
3.0119E+06
2.4660E+06
2.2313E+06
2.0190E+06
1.6530E+06
1.3534E+06
1.2246E+06
1.1080E+06
1.0026E+06
9.0718E+05
8.2085E+05
6.0810E+05
5.5023E+05
4.9787E+05
4.5049E+05
4.0762E+05
3.0197E+05
2.7324E+05
2.4724E+05
1.8316E+05
1.2277E+05
1.1109E+05
8.2297E+04
6.7379E+04
5.5166E+04
4.0868E+04
3.6979E+04
2.9283E+04
2.7394E+04
2.4788E+04
1.6616E+04
1.5034E+04
1.1138E+04
9.1188E+03
7.4659E+03
5.5308E+03
5.0045E+03
3.5266E+03
3.3546E+03
2.2487E+03
2.0347E+03
1.5073E+03
1.4338E+03
1.2341E+03
1.0104E+03
9.1424E+02
7.4852E+02
6.7729E+02
4.5400E+02
3.7170E+02
3.0432E+02
2.0399E+02
1.4863E+02
1.3674E+02
9.1661E+01
7.5674E+01
6.7904E+01
5.5595E+01
5.1578E+01
4.8252E+01
4.5517E+01
4.0169E+01
3.7267E+01
3.3720E+01
3.0511E+01
2.7608E+01
2.4980E+01
2.2603E+01
1.9455E+01
1.5928E+01
1.3710E+01
1.1224E+01
9.9056E+00
9.1898E+00
8.3153E+00
7.5240E+00
6.1601E+00
5.3464E+00
5.0435E+00
4.1293E+00
4.0000E+00
3.3807E+00
3.3000E+00
2.7679E+00
2.7200E+00
2.6000E+00
2.5500E+00
2.3600E+00
2.1300E+00
2.1000E+00
2.0200E+00
1.9300E+00
1.8400E+00
1.7550E+00
1.6700E+00
1.5900E+00
1.5000E+00
1.4750E+00
1.4400E+00
1.3700E+00
1.3375E+00
1.3000E+00
1.2350E+00
1.1700E+00
1.1500E+00
1.1230E+00
1.1100E+00
1.0970E+00
1.0710E+00
1.0450E+00
1.0350E+00
1.0200E+00
9.9600E-01
9.8600E-01
9.7200E-01
9.5000E-01
9.3000E-01
9.1000E-01
8.6000E-01
8.5000E-01
7.9000E-01
7.8000E-01
7.0500E-01
6.2500E-01
5.4000E-01
5.0000E-01
4.8500E-01
4.3300E-01
4.0000E-01
3.9100E-01
3.5000E-01
3.2000E-01
3.1450E-01
3.0000E-01
2.8000E-01
2.4800E-01
2.2000E-01
1.8900E-01
1.8000E-01
1.6000E-01
1.4000E-01
1.3400E-01
1.1500E-01
1.0000E-01
9.5000E-02
8.0000E-02
7.7000E-02
6.7000E-02
5.8000E-02
5.0000E-02
4.2000E-02
3.5000E-02
3.0000E-02
2.5000E-02
2.0000E-02
1.5000E-02
1.0000E-02
6.9000E-03
5.0000E-03
3.0000E-03
1.0000E-03

2.1195E-09
7.3562E-09
6.6434E-09
4.4733E-08
1.3974E-07
6.6427E-07
2.1395E-06
2.2273E-06
3.2759E-06
1.2148E-05
2.1634E-05
3.8009E-05
6.6714E-05
4.6694E-05
4.8116E-05
1.2262E-04
1.7867E-04
1.0995E-04
1.3571E-04
1.2046E-04
1.3537E-04
2.1412E-04
1.0977E-03
5.4135E-04
6.4902E-04
6.1973E-04
4.2334E-04
2.4263E-03
1.3069E-03
1.4186E-03
4.4656E-03
9.6172E-03
3.0123E-03
9.6104E-03
9.3548E-03
9.5136E-03
1.5842E-02
6.2358E-03
1.3413E-02
1.9695E-03
1.1557E-02
3.9895E-02
7.5105E-03
3.4332E-02
2.6514E-02
2.0123E-02
3.9238E-02
1.4647E-02
4.4025E-02
4.4516E-03
2.3975E-02
2.0473E-02
9.6358E-02
1.9318E-02
5.7058E-02
6.6247E-02
3.4205E-02
6.4519E-02
3.1167E-02
1.0151E-01
3.7720E-02
2.1477E-02
4.6932E-02
2.1562E-02
4.4486E-03
1.2554E-02
2.3540E-03
7.9126E-04
7.4154E-04
1.9108E-04
1.3868E-04
1.0959E-04
1.4661E-04
6.4949E-05
3.9881E-05
5.7661E-05
5.9885E-05
4.6446E-05
4.5858E-05
1.7443E-05
2.1379E-05
6.8478E-06
7.5598E-06
1.8920E-06
2.0388E-06
2.9500E-06
1.6402E-06
1.5207E-06
1.7643E-06
1.0664E-06
1.6948E-06
2.9475E-07
2.2820E-06
3.5425E-07
2.5775E-06
3.5023E-07
6.4782E-07
3.4677E-07
1.4763E-06
1.5164E-06
3.8026E-07
7.5688E-07
7.5464E-07
1.1628E-06
8.0099E-07
8.3122E-07
8.5511E-07
8.6375E-07
4.2769E-07
3.6057E-07
8.6163E-07
3.6936E-07
3.3847E-07
5.5391E-07
3.4216E-07
8.8186E-08
4.5964E-08
3.4289E-08
2.2871E-08
3.6430E-08
2.0274E-08
2.8320E-08
4.2031E-08
1.8309E-07
1.0484E-06
1.5940E-06
2.8885E-06
4.9185E-06
7.0140E-06
2.1930E-05
1.3406E-05
3.2710E-05
1.8943E-05
4.2434E-05
6.9061E-05
6.2476E-05
5.0741E-05
1.4081E-05
3.2238E-05
1.3173E-05
4.8094E-06
6.1096E-06
3.0786E-06
1.1728E-06
1.0638E-06
9.8033E-07
2.3994E-06
3.6616E-06
8.7456E-06
3.6809E-06
8.4023E-06
1.4582E-05
5.2147E-06
5.4840E-06
5.7118E-06
5.7760E-06
5.7828E-06
5.7458E-06
5.6591E-06
5.4755E-06
5.2347E-06
4.9499E-06
4.6125E-06
4.2826E-06
3.9700E-06
3.6061E-06
3.1791E-06
2.6653E-06
2.1429E-06
1.7442E-06
1.3690E-06
7.8687E-07
1.00
PHENIX PROFIL XMAS TOT=2.376E+15
