1.00000E+07
6.06531E+06
3.67879E+06
2.23130E+06
1.35335E+06
8.20850E+05
4.97871E+05
3.01974E+05
1.83156E+05
1.11090E+05
6.73795E+04
4.08677E+04
2.47875E+04
1.50344E+04
9.11882E+03
5.53084E+03
3.35463E+03
2.03468E+03
1.23410E+03
7.48518E+02
4.53999E+02
2.75364E+02
1.67017E+02
1.01301E+02
6.14421E+01
3.72665E+01
2.26033E+01
1.37096E+01
8.31529E+00
5.04348E+00

1.51725E+13
7.50552E+13
1.90291E+14
3.18126E+14
3.97810E+14
5.27509E+14
5.57223E+14
4.28751E+14
3.50748E+14
2.00249E+14
1.12964E+14
6.15739E+13
4.49464E+13
1.92385E+13
5.92831E+12
2.68178E+12
8.04036E+11
1.54122E+12
3.38906E+11
5.93694E+10
2.04385E+10
6.80917E+09
3.67431E+09
2.42591E+09
3.62336E+08
3.81453E+08
1.16036E+08
3.90396E+08
5.48309E+07
1.00
EBR-2 (62.5 MW) 3.31104E+15