2.0000E+07
1.9100E+07
1.7900E+07
1.6900E+07
1.5900E+07
1.4600E+07
1.4050E+07
1.3550E+07
1.3050E+07
1.2550E+07
1.2050E+07
1.1550E+07
1.1050E+07
1.0550E+07
1.0050E+07
9.5500E+06
9.0500E+06
8.5500E+06
8.0500E+06
7.5500E+06
7.0500E+06
6.5500E+06
6.0500E+06
5.5500E+06
5.0500E+06
4.7500E+06
4.4500E+06
4.1500E+06
3.8500E+06
3.5500E+06
3.2500E+06
2.9500E+06
2.7500E+06
2.5500E+06
2.3500E+06
2.1500E+06
1.9500E+06
1.8500E+06
1.7500E+06
1.6500E+06
1.5500E+06
1.4500E+06
1.3500E+06
1.2500E+06
1.1500E+06
1.0500E+06
9.5500E+05
9.0500E+05
8.5500E+05
8.0500E+05
7.5500E+05
7.0500E+05
6.5500E+05
6.0500E+05
5.5500E+05
5.0500E+05
4.5500E+05
4.0500E+05
3.5500E+05
3.0500E+05
2.5500E+05
2.2500E+05
1.9500E+05
1.6500E+05
1.3500E+05
1.1500E+05
9.5000E+04
7.5000E+04
5.5000E+04
3.5000E+04
1.5000E+04

2.1455E-06
6.0124E-06
1.0638E-05
2.1185E-05
6.1493E-05
4.7771E-05
6.2139E-05
8.7463E-05
1.2292E-04
1.7245E-04
2.4166E-04
3.3829E-04
4.7330E-04
6.6214E-04
9.2607E-04
1.2935E-03
1.8053E-03
2.5189E-03
3.5150E-03
4.9040E-03
6.8292E-03
9.4797E-03
1.3109E-02
1.8047E-02
1.3905E-02
1.6774E-02
2.0191E-02
2.4229E-02
2.8963E-02
3.4439E-02
4.0732E-02
3.1044E-02
3.4445E-02
3.8079E-02
4.1952E-02
4.6031E-02
2.4588E-02
2.5644E-02
2.6707E-02
2.7745E-02
2.8769E-02
2.9755E-02
3.0678E-02
3.1531E-02
3.2282E-02
3.1245E-02
1.6627E-02
1.6725E-02
1.6793E-02
1.6831E-02
1.6837E-02
1.6802E-02
1.6720E-02
1.6587E-02
1.6390E-02
1.6138E-02
1.5795E-02
1.5352E-02
1.4793E-02
1.4090E-02
8.0411E-03
7.6730E-03
7.2473E-03
6.7495E-03
4.1777E-03
3.8803E-03
3.5380E-03
3.1338E-03
2.6389E-03
1.9806E-03
1.00
Californium 252 fission 1.00