2.0000E+07
1.7333E+07
1.5683E+07
1.4550E+07
1.3840E+07
1.2840E+07
1.0000E+07
8.1873E+06
6.4340E+06
4.8000E+06
4.3040E+06
3.0000E+06
2.4790E+06
2.3540E+06
1.8500E+06
1.5000E+06
1.4000E+06
1.3560E+06
1.3170E+06
1.2500E+06
1.2000E+06
1.1000E+06
1.0100E+06
9.2000E+05
9.0000E+05
8.7500E+05
8.6110E+05
8.2000E+05
7.5000E+05
6.7900E+05
6.7000E+05
6.0000E+05
5.7300E+05
5.5000E+05
4.9952E+05
4.7000E+05
4.4000E+05
4.2000E+05
4.0000E+05
3.3000E+05
2.7000E+05
2.0000E+05
1.5000E+05
1.2830E+05
1.0000E+05
8.5000E+04
8.2000E+04
7.5000E+04
7.3000E+04
6.0000E+04
5.2000E+04
5.0000E+04
4.5000E+04
3.0000E+04
2.5000E+04
1.7000E+04
1.3000E+04
9.5000E+03
8.0300E+03
6.0000E+03
3.9000E+03
3.7400E+03
3.0000E+03
2.5800E+03
2.2900E+03
2.2000E+03
1.8000E+03
1.5500E+03
1.5000E+03
1.1500E+03
9.5000E+02
6.8300E+02
6.7000E+02
5.5000E+02
3.0500E+02
2.8500E+02
2.4000E+02
2.1000E+02
2.0750E+02
1.9250E+02
1.8600E+02
1.2200E+02
1.1900E+02
1.1500E+02
1.0800E+02
1.0000E+02
9.0000E+01
8.2000E+01
8.0000E+01
7.6000E+01
7.2000E+01
6.7500E+01
6.5000E+01
6.1000E+01
5.9000E+01
5.3400E+01
5.2000E+01
5.0600E+01
4.9200E+01
4.8300E+01
4.7000E+01
4.5200E+01
4.4000E+01
4.2400E+01
4.1000E+01
3.9600E+01
3.9100E+01
3.8000E+01
3.7000E+01
3.5500E+01
3.4600E+01
3.3750E+01
3.3250E+01
3.1750E+01
3.1250E+01
3.0000E+01
2.7500E+01
2.5000E+01
2.2500E+01
2.1000E+01
2.0000E+01
1.9000E+01
1.8500E+01
1.7000E+01
1.6000E+01
1.5100E+01
1.4400E+01
1.3750E+01
1.2900E+01
1.1900E+01
1.1500E+01
1.0000E+01
9.1000E+00
8.1000E+00
7.1500E+00
7.0000E+00
6.7500E+00
6.5000E+00
6.2500E+00
6.0000E+00
5.4000E+00
5.0000E+00
4.7500E+00
4.0000E+00
3.7300E+00
3.5000E+00
3.1500E+00
3.0500E+00
3.0000E+00
2.9700E+00
2.8700E+00
2.7700E+00
2.6700E+00
2.5700E+00
2.4700E+00
2.3800E+00
2.3000E+00
2.2100E+00
2.1200E+00
2.0000E+00
1.9400E+00
1.8600E+00
1.7700E+00
1.6800E+00
1.5900E+00
1.5000E+00
1.4500E+00
1.4000E+00
1.3500E+00
1.3000E+00
1.2500E+00
1.2250E+00
1.2000E+00
1.1750E+00
1.1500E+00
1.1400E+00
1.1300E+00
1.1200E+00
1.1100E+00
1.1000E+00
1.0900E+00
1.0800E+00
1.0700E+00
1.0600E+00
1.0500E+00
1.0400E+00
1.0300E+00
1.0200E+00
1.0100E+00
1.0000E+00
9.7500E-01
9.5000E-01
9.2500E-01
9.0000E-01
8.5000E-01
8.0000E-01
7.5000E-01
7.0000E-01
6.5000E-01
6.2500E-01
6.0000E-01
5.5000E-01
5.0000E-01
4.5000E-01
4.0000E-01
3.7500E-01
3.5000E-01
3.2500E-01
3.0000E-01
2.7500E-01
2.5000E-01
2.2500E-01
2.0000E-01
1.7500E-01
1.5000E-01
1.2500E-01
1.0000E-01
9.0000E-02
8.0000E-02
7.0000E-02
6.0000E-02
5.0000E-02
4.0000E-02
3.0000E-02
2.5300E-02
1.0000E-02
7.5000E-03
5.0000E-03
4.0000E-03
3.0000E-03
2.5000E-03
2.0000E-03
1.5000E-03
1.2000E-03
1.0000E-03
7.5000E-04
5.0000E-04
1.0000E-04
1.0000E-05

0.00000E+00
0.00000E+00
0.00000E+00
2.29360E+10
9.57080E+10
7.03005E+11
3.09034E+12
8.59017E+12
2.90683E+13
1.75646E+13
8.30964E+13
6.54697E+13
2.29888E+13
9.40986E+13
8.65743E+13
2.88547E+13
1.30598E+13
1.28063E+13
2.01861E+13
1.64604E+13
3.26839E+13
3.16498E+13
3.13592E+13
8.22222E+12
9.98786E+12
5.47014E+12
1.76365E+13
3.59603E+13
4.23881E+13
5.57537E+12
3.81778E+13
1.58761E+13
1.30550E+13
3.09110E+13
1.84224E+13
1.63674E+13
9.98656E+12
1.19143E+13
5.20806E+13
4.63378E+13
6.14699E+13
5.13732E+13
3.27725E+13
4.30432E+13
1.56619E+13
4.37073E+12
1.65949E+13
5.31257E+12
3.10621E+13
1.85989E+13
4.60424E+12
1.33017E+13
4.26755E+13
2.76212E+13
4.41146E+13
3.10289E+13
3.40124E+13
1.77458E+13
3.06989E+13
4.53762E+13
4.56048E+12
2.40595E+13
1.56861E+13
1.21722E+13
4.60680E+12
2.09839E+13
1.57319E+13
3.21603E+12
2.77751E+13
1.98572E+13
3.51799E+13
2.00240E+12
2.11195E+13
6.33510E+13
7.94104E+12
1.85422E+13
1.47344E+13
1.82025E+12
7.02088E+12
3.99780E+12
4.75123E+13
2.65401E+12
4.32098E+12
6.13005E+12
8.02400E+12
1.17108E+13
1.05335E+13
2.92558E+12
4.95439E+12
5.64522E+12
6.19345E+12
4.00586E+12
7.53465E+12
3.48518E+12
1.15212E+13
2.55407E+12
2.63155E+12
3.01984E+12
2.00310E+12
2.80053E+12
4.80029E+12
2.51862E+12
4.07768E+12
3.63314E+12
3.42187E+12
1.79296E+12
3.18883E+12
3.38534E+12
4.26393E+12
3.26885E+12
3.67007E+12
1.49719E+12
5.24486E+12
1.58706E+12
4.19094E+12
9.62676E+12
1.05631E+13
1.19259E+13
7.51171E+12
5.98946E+12
5.28146E+12
2.62962E+12
9.44385E+12
6.61151E+12
5.47570E+12
4.54654E+12
5.19327E+12
7.62155E+12
8.03233E+12
3.49453E+12
1.41422E+13
9.58560E+12
1.29092E+13
1.37525E+13
1.89577E+12
3.69658E+12
4.06337E+12
4.37021E+12
4.29202E+12
1.13406E+13
8.47368E+12
5.63087E+12
1.86068E+13
7.66845E+12
6.72936E+12
1.09635E+13
3.67258E+12
2.02917E+12
1.43856E+12
3.99705E+12
3.96964E+12
4.52129E+12
4.18008E+12
4.11187E+12
4.34567E+12
3.71389E+12
4.04297E+12
4.48431E+12
5.77623E+12
2.74963E+12
4.75978E+12
5.55057E+12
5.85364E+12
6.03570E+12
6.62902E+12
3.54057E+12
3.37753E+12
4.10038E+12
4.14779E+12
4.69201E+12
2.16110E+12
2.69239E+12
2.50975E+12
2.40540E+12
9.96162E+11
9.74809E+11
1.22730E+12
1.22421E+12
1.09099E+12
1.22003E+12
1.28075E+12
1.05251E+12
1.09686E+12
1.32815E+12
9.63658E+11
1.34861E+12
1.20947E+12
1.08032E+12
1.10811E+12
3.22755E+12
2.67293E+12
3.42117E+12
3.93957E+12
6.23921E+12
6.20563E+12
7.34748E+12
9.37575E+12
8.08137E+12
5.09257E+12
4.91056E+12
1.08967E+13
1.18865E+13
1.44199E+13
1.58788E+13
8.39763E+12
8.42748E+12
9.63212E+12
1.05870E+13
1.28210E+13
1.42097E+13
1.66708E+13
2.20519E+13
2.78178E+13
4.37877E+13
7.16806E+13
1.33281E+14
8.04706E+13
1.00773E+14
1.30295E+14
1.55507E+14
1.94258E+14
2.35193E+14
2.59583E+14
1.29992E+14
3.81822E+14
4.35732E+13
3.57111E+13
1.00101E+13
9.10885E+12
3.96046E+12
2.77074E+12
1.81775E+12
1.21567E+12
6.06084E+11
7.37829E+11
3.30984E+11
2.09735E+11
0.00000E+00
1.00
HFIR  htm tot=4.71496E+15