1.9640E+07
1.7332E+07
1.6905E+07
1.6487E+07
1.5683E+07
1.4918E+07
1.4550E+07
1.4191E+07
1.3840E+07
1.3499E+07
1.2840E+07
1.2523E+07
1.2214E+07
1.1618E+07
1.1052E+07
1.0513E+07
1.0000E+07
9.5123E+06
9.0484E+06
8.6071E+06
8.1873E+06
7.7880E+06
7.4082E+06
7.0469E+06
6.7032E+06
6.5924E+06
6.3763E+06
6.0653E+06
5.7695E+06
5.4881E+06
5.2205E+06
4.9658E+06
4.7237E+06
4.4933E+06
4.0657E+06
3.6788E+06
3.3287E+06
3.1664E+06
3.0119E+06
2.8650E+06
2.7253E+06
2.5924E+06
2.4660E+06
2.3851E+06
2.3653E+06
2.3457E+06
2.3069E+06
2.2313E+06
2.1225E+06
2.0190E+06
1.9205E+06
1.8268E+06
1.7377E+06
1.6530E+06
1.5724E+06
1.4957E+06
1.4227E+06
1.3534E+06
1.2874E+06
1.2246E+06
1.1648E+06
1.1080E+06
1.0026E+06
9.6167E+05
9.0718E+05
8.6294E+05
8.2085E+05
7.8082E+05
7.4274E+05
7.0651E+05
6.7206E+05
6.3928E+05
6.0810E+05
5.7844E+05
5.5023E+05
5.2340E+05
4.9787E+05
4.5049E+05
4.0762E+05
3.8774E+05
3.6883E+05
3.3373E+05
3.0197E+05
2.9849E+05
2.9721E+05
2.9452E+05
2.8725E+05
2.7324E+05
2.4724E+05
2.3518E+05
2.2371E+05
2.1280E+05
2.0242E+05
1.9255E+05
1.8316E+05
1.7422E+05
1.6573E+05
1.5764E+05
1.4996E+05
1.4264E+05
1.3569E+05
1.2907E+05
1.2277E+05
1.1679E+05
1.1109E+05
9.8036E+04
8.6517E+04
8.2503E+04
7.9499E+04
7.2024E+04
6.7380E+04
5.6562E+04
5.2475E+04
4.6309E+04
4.0868E+04
3.4307E+04
3.1828E+04
2.8501E+04
2.7000E+04
2.6058E+04
2.4788E+04
2.4176E+04
2.3579E+04
2.1875E+04
1.9304E+04
1.5034E+04
1.1709E+04
1.0595E+04
9.1188E+03
7.1017E+03
5.5308E+03
4.3074E+03
3.7074E+03
3.3546E+03
3.0354E+03
2.7465E+03
2.6126E+03
2.4852E+03
2.2487E+03
2.0347E+03
1.5846E+03
1.2341E+03
9.6112E+02
7.4852E+02
5.8295E+02
4.5400E+02
3.5358E+02
2.7536E+02
2.1445E+02
1.6702E+02
1.3007E+02
1.0130E+02
7.8893E+01
6.1442E+01
4.7851E+01
3.7266E+01
2.9023E+01
2.2603E+01
1.7604E+01
1.3710E+01
1.0677E+01
8.3153E+00
6.4759E+00
5.0435E+00
3.9279E+00
3.0590E+00
2.3824E+00
1.8554E+00
1.4450E+00
1.1253E+00
8.7643E-01
6.8256E-01
5.3158E-01
4.1399E-01
1.0000E-01
1.0000E-03

0.0000E+00
0.0000E+00
0.0000E+00
0.0000E+00
0.0000E+00
0.0000E+00
0.0000E+00
5.5883E+09
2.1942E+08
2.5301E+08
5.4487E+07
3.9982E+07
5.3732E+07
6.2379E+07
7.1404E+07
6.8383E+07
6.3709E+07
6.7356E+07
6.3431E+07
5.4287E+07
5.4434E+07
3.7636E+07
4.5731E+07
5.6852E+07
1.6077E+07
3.5258E+07
6.4674E+07
4.9578E+07
5.5399E+07
6.3092E+07
7.2962E+07
7.6319E+07
7.3275E+07
1.4752E+08
1.8641E+08
2.2325E+08
1.1225E+08
1.1041E+08
1.2130E+08
1.5427E+08
1.4840E+08
1.4583E+08
1.8689E+11
9.5980E+09
8.4820E+09
1.5965E+10
2.7565E+10
1.6669E+10
9.4617E+09
7.1444E+09
8.0347E+09
1.0594E+10
1.2375E+10
1.9004E+10
2.7726E+10
2.3936E+10
1.7467E+10
1.3630E+10
1.0597E+10
1.0677E+10
9.1467E+09
1.6670E+10
7.3722E+09
1.2768E+10
9.4613E+09
9.4440E+09
8.2079E+09
8.4950E+09
1.0001E+10
1.0379E+10
1.1164E+10
9.6445E+09
9.7501E+09
8.7710E+09
8.2240E+09
8.4953E+09
1.6673E+10
1.3362E+10
6.4446E+09
8.4469E+09
1.4898E+10
1.4044E+10
1.8250E+09
6.0273E+08
1.1964E+09
2.8186E+09
4.8545E+09
1.0903E+10
4.7925E+09
4.2260E+09
4.7966E+09
4.1110E+09
3.3539E+09
4.1616E+09
5.5061E+09
4.2952E+09
5.1083E+09
4.2133E+09
3.2738E+09
5.5345E+09
5.1036E+09
5.1513E+09
4.3253E+09
3.8710E+09
8.6487E+09
8.3571E+09
2.2501E+09
4.7039E+09
5.9611E+09
5.5598E+09
1.0320E+10
3.4414E+09
7.0982E+09
6.5171E+09
8.0557E+09
2.9090E+09
2.5926E+09
6.1844E+08
2.1655E+09
5.6675E+09
2.2905E+09
1.5621E+09
3.5209E+09
4.8505E+09
9.4534E+09
8.7936E+09
3.2595E+09
4.4497E+09
5.1346E+09
8.0180E+09
7.8939E+09
4.1630E+09
3.1565E+09
2.9842E+09
2.9166E+09
1.3277E+09
1.2347E+09
2.3821E+09
2.5062E+09
6.6252E+09
6.2395E+09
5.3339E+09
5.6372E+09
5.2834E+09
4.9917E+09
4.5241E+09
4.1402E+09
4.7273E+09
4.4029E+09
4.2238E+09
4.0275E+09
3.9674E+09
3.9437E+09
3.8956E+09
3.4228E+09
3.4733E+09
3.1782E+09
2.2084E+09
2.7198E+09
2.9309E+09
2.8871E+09
2.7336E+09
2.6737E+09
2.1610E+09
2.1032E+09
2.2531E+09
2.2508E+09
2.1480E+09
2.1086E+09
2.0120E+09
1.8761E+09
1.7700E+09
1.6650E+09
7.6520E+09
4.9780E+09
1.00
ITER D-D 1.0663E+12