1.96403E7
1.73325E7
1.69046E7
1.64872E7
1.56831E7
1.49182E7
1.45499E7
1.41907E7
1.38403E7
1.34986E7
1.28403E7
1.25232E7
1.22140E7
1.16183E7
1.10517E7
1.05127E7
1.00000E7
9.51229E6
9.04837E6
8.60708E6
8.18731E6
7.78801E6
7.40818E6
7.04688E6
6.70320E6
6.59241E6
6.37628E6
6.06531E6
5.76950E6
5.48812E6
5.22046E6
4.96585E6
4.72367E6
4.49329E6
4.06570E6
3.67879E6
3.32871E6
3.16637E6
3.01194E6
2.86505E6
2.72532E6
2.59240E6
2.46597E6
2.38513E6
2.36533E6
2.34570E6
2.30693E6
2.23130E6
2.12248E6
2.01897E6
1.92050E6
1.82684E6
1.73774E6
1.65299E6
1.57237E6
1.49569E6
1.42274E6
1.35335E6
1.28735E6
1.22456E6
1.16484E6
1.10803E6
1.00259E6
9.61672E5
9.07180E5
8.62936E5
8.20850E5
7.80817E5
7.42736E5
7.06512E5
6.72055E5
6.39279E5
6.08101E5
5.78443E5
5.50232E5
5.23397E5
4.97871E5
4.50492E5
4.07622E5
3.87742E5
3.68832E5
3.33733E5
3.01974E5
2.98491E5
2.97211E5
2.94518E5
2.87246E5
2.73237E5
2.47235E5
2.35177E5
2.23708E5
2.12797E5
2.02419E5
1.92547E5
1.83156E5
1.74224E5
1.65727E5
1.57644E5
1.49956E5
1.42642E5
1.35686E5
1.29068E5
1.22773E5
1.16786E5
1.11090E5
9.80365E4
8.65170E4
8.25034E4
7.94987E4
7.20245E4
6.73795E4
5.65622E4
5.24752E4
4.63092E4
4.08677E4
3.43067E4
3.18278E4
2.85011E4
2.70001E4
2.60584E4
2.47875E4
2.41755E4
2.35786E4
2.18749E4
1.93045E4
1.50344E4
1.17088E4
1.05946E4
9.11882E3
7.10174E3
5.53084E3
4.30742E3
3.70744E3
3.35463E3
3.03539E3
2.74654E3
2.61259E3
2.48517E3
2.24867E3
2.03468E3
1.58461E3
1.23410E3
9.61117E2
7.48518E2
5.82947E2
4.53999E2
3.53575E2
2.75364E2
2.14454E2
1.67017E2
1.30073E2
1.01301E2
7.88932E1
6.14421E1
4.78512E1
3.72665E1
2.90232E1
2.26033E1
1.76035E1
1.37096E1
1.06770E1
8.31529
6.47595
5.04348
3.92786
3.05902
2.38237
1.85539
1.44498
1.12535
8.76425E-1
6.82560E-1
5.31579E-1
4.13994E-1
1.00001E-1
1.0E-2 

0.00000E+00 
0.00000E+00 
0.00000E+00 
0.00000E+00 
2.80523E+09 
5.75041E+09
1.14262E+09 
5.69335E+07 
3.70433E+07 
5.17977E+07 
2.18863E+07 
1.77405E+07
3.16015E+07 
2.96399E+07 
2.85134E+07 
2.56737E+07 
2.43528E+07 
2.21368E+07
2.09978E+07 
2.02855E+07 
2.01824E+07 
2.05896E+07 
2.11445E+07 
2.07023E+07
6.47474E+06 
1.22039E+07 
1.82735E+07 
1.86413E+07 
1.79457E+07 
1.78029E+07
1.75066E+07 
1.86886E+07 
1.89438E+07 
3.61584E+07 
3.55604E+07 
3.48528E+07
1.68293E+07 
1.72807E+07 
1.70242E+07 
1.71829E+07 
1.73958E+07 
1.71521E+07
1.10619E+07 
2.93231E+06 
2.82636E+06 
5.74460E+06 
1.12437E+07 
1.66863E+07
1.65946E+07 
1.63515E+07 
1.63431E+07 
1.60604E+07 
1.56720E+07 
1.59556E+07
1.55889E+07 
1.52055E+07 
1.52707E+07 
1.50484E+07 
1.42692E+07 
1.41480E+07
1.38520E+07 
2.73904E+07 
1.08685E+07 
1.46994E+07 
1.21911E+07 
1.18069E+07
1.13943E+07 
1.12905E+07 
1.06374E+07 
1.05525E+07 
9.96167E+06 
9.52919E+06
9.27436E+06 
8.60192E+06 
8.52724E+06 
8.16126E+06 
1.55437E+07 
1.38388E+07
6.74031E+06 
6.43897E+06 
1.24314E+07 
1.08495E+07 
1.25192E+06 
4.02901E+05
9.08895E+05 
2.57920E+06 
4.94885E+06 
9.54348E+06 
4.14393E+06 
3.91508E+06
3.88755E+06 
3.54302E+06 
3.67878E+06 
3.64356E+06 
3.26467E+06 
3.00952E+06
2.50949E+06 
2.62953E+06 
2.51917E+06 
2.83541E+06 
2.77051E+06 
2.56927E+06
2.11088E+06 
2.15647E+06 
5.03162E+06 
4.08617E+06 
1.71032E+06 
1.34836E+06
3.47965E+06 
2.04561E+06 
4.68994E+06 
1.86857E+06 
2.80034E+06 
2.70428E+06
3.05125E+06 
1.67717E+06 
2.27495E+06 
1.01037E+06 
6.06663E+05 
8.68972E+05
4.06728E+05 
4.73378E+05 
1.19001E+06 
1.88156E+06 
3.57085E+06 
3.04316E+06
1.19692E+06 
1.66129E+06 
2.57281E+06 
2.19283E+06 
2.10317E+06 
1.27317E+06
8.30886E+05 
6.56850E+05 
7.29901E+05 
3.45778E+05 
3.62646E+05 
6.90583E+05
6.58867E+05 
1.48513E+06 
1.27346E+06 
1.15000E+06 
1.04413E+06 
9.37560E+05
8.82673E+05 
8.87923E+05 
7.36699E+05 
7.35796E+05 
7.00402E+05 
6.20757E+05
5.50985E+05 
4.43289E+05 
5.15251E+05 
4.04549E+05 
3.33768E+05 
2.85907E+05
3.46575E+05 
2.94477E+05 
2.81392E+05 
2.59725E+05 
2.25873E+05 
2.02646E+05
2.12812E+05 
2.33754E+05 
1.30167E+05 
1.52141E+05 
1.18228E+05 
1.30776E+05
1.02700E+05 
8.84279E+04 
8.46929E+04 
7.35221E+04 
7.89058E+04 
4.32922E+05
5.96122E+05
1.0
Position #3 Normalization Factor 3.042e+11 TOT=1.11679E+10
